Backtest Results:
==================================================
total_return: 0.233640783171289
volatility: 0.050695703015012375
sharpe: 0.24444898081852118
max_drawdown: -0.156155806741937
